21	29	32	25	18	26	30	27	19	28
19	25	19	17	22	20	17	23	19	27
17	38	15	26	24	22	25	27	22	22
25	26	17	31	31	26	24	22	22	21
27	22	23	26	26	25	26	27	27	26
20	25	33	23	34	21	31	15	24	25
26	23	24	22	31	20	28	25	25	24
26	19	18	20	29	16	26	31	16	23
22	24	27	19	19	15	20	14	27	20
20	24	14	23	26	19	26	15	18	32
29	22	30	36	23	20	31	27	23	33
26	21	27	24	32	20	19	26	24	17
24	27	21	28	18	20	28	21	29	28
28	24	25	23	29	24	24	20	24	26
32	26	16	22	20	24	33	26	20	27
29	20	22	20	22	16	29	18	19	22
34	18	24	28	27	18	18	25	18	18
30	21	34	19	22	25	29	26	29	25
19	20	21	20	23	23	27	26	22	24
16	17	24	19	28	17	19	19	26	23
12  12  12  12  12  12  12  12  12  15
